# Major Fault Line Remap, Line 2
[[0,10,5], [10,25,4], [25,50,3], [50,100,2], [100,200,1], [200,1000000,0]]

# Minor Fault Line Remap, Line 5
[[0,3,15], [3,10,13], [10,25,11], [25,1000000,10]]

# Hospitals/Schools Remap, Line 8
[[0,.1,9], [.1,1000000,10]]

# Population Density Remap, Line 11
[[0,500,0], [500, 10000, 1], [10000, 25000, 2], [25000, 1000000, 3]]

# Slope Remap, Line 14
[[0,10,10], [10, 20, 11], [20, 35, 12], [35, 60, 13], [60, 90, 14]]

# Final Remap, Line 17
[[0,1,0], [1,3,1], [3,7,2], [7,10,3], [10,13,4], [13,16000000,5]]